$ 1 5.0E-6 10.20027730826997 50 5.0 50
R 496 448 496 400 0 0 40.0 5.0 0.0 0.0 0.5
r 496 448 496 512 0 10000.0
w 496 512 576 512 0
150 576 528 672 528 0 2 0.0
M 672 528 720 528 0 2.5
L 576 544 496 544 0 1 false 5.0 0.0
w 496 512 448 512 0
s 448 512 368 512 0 1 false
w 320 512 368 512 0
g 320 512 320 544 0
x 473 349 647 355 0 24 Pull Up Resistor
x 969 349 1173 355 0 24 Pull Down Resistor
s 944 464 864 464 0 0 false
w 992 464 944 464 0
M 1168 480 1216 480 0 2.5
150 1072 480 1168 480 0 2 0.0
w 992 464 1072 464 0
r 992 528 992 464 0 10000.0
R 864 464 816 464 0 0 40.0 5.0 0.0 0.0 0.5
L 1072 496 1040 496 0 1 false 5.0 0.0
g 992 528 992 560 0
x 659 206 1010 212 0 24 Pull Up and Pull Down Resistors
x 647 269 1013 273 0 18 Used to prevent floating inputs to logic circuits
