$ 1 5.0E-6 10.20027730826997 63 10.0 62
v 528 544 528 336 0 0 40.0 12.0 0.0 0.0 0.5
w 528 224 656 224 1
r 656 272 656 384 0 1000.0
r 656 384 656 480 0 1000.0
w 528 544 656 544 1
O 656 272 720 272 1
w 656 224 848 224 1
w 656 544 848 544 1
r 848 224 848 304 0 1000.0
r 848 304 848 384 0 1000.0
r 848 384 848 464 0 1000.0
r 848 464 848 544 0 1000.0
O 848 304 912 304 1
O 848 384 912 384 1
O 848 464 912 464 1
O 656 384 720 384 1
w 656 480 656 544 1
O 528 336 592 336 1
w 528 336 528 224 0
w 656 224 656 272 1
O 656 480 720 480 1
