$ 1 5.0E-6 16.13108636308289 57 5.0 50
a 512 416 656 416 0 15.0 -15.0 1000000.0
w 512 336 512 400 0
w 656 416 656 336 0
r 512 336 656 336 0 1000.0
w 512 432 512 480 0
g 512 480 512 512 0
w 512 400 464 400 0
w 464 400 464 368 0
w 464 400 464 432 0
r 464 368 400 368 0 1000.0
r 400 432 464 432 0 1000.0
R 400 368 352 368 0 0 200.0 2.0 0.0 0.0 0.5
R 400 432 352 432 0 0 20.0 3.0 0.0 0.0 0.5
O 960 432 1024 432 0
w 656 416 752 416 0
r 752 416 848 416 0 1000.0
a 848 432 960 432 0 15.0 -15.0 1000000.0
w 848 448 816 448 0
w 816 448 816 496 0
g 816 496 816 544 0
w 960 432 960 368 0
w 960 368 944 368 0
r 944 368 880 368 0 1000.0
w 880 368 848 368 0
w 848 368 848 416 0
x 672 230 871 236 0 24 Summing Op Amp
x 524 277 1022 283 0 24 2nd stage turns inverted to non-inverted ouput
o 11 64 0 34 5.0 0.0015625 0 -1
o 12 64 0 34 10.0 0.0015625 0 -1
o 13 64 0 34 20.0 9.765625E-5 1 -1
