$ 1 5.0E-6 10.20027730826997 50 5.0 50
R 640 176 640 128 0 0 40.0 9.0 0.0 0.0 0.5
w 640 176 640 208 1
r 640 208 640 240 0 100.0
w 640 272 640 304 0
w 640 336 640 384 1
g 976 544 1040 544 0
w 976 304 976 352 1
w 976 240 976 272 0
r 976 208 976 240 0 100.0
w 976 176 976 208 1
R 976 176 976 128 0 0 40.0 9.0 0.0 0.0 0.5
162 640 448 640 496 1 2.1024259 1.0 0.0 0.0
162 640 496 640 544 1 2.1024259 1.0 0.0 0.0
162 640 544 640 592 1 2.1024259 1.0 0.0 0.0
162 640 592 640 640 1 2.1024259 1.0 0.0 0.0
w 640 384 640 448 2
w 640 240 640 272 0
g 704 640 768 640 0
s 640 592 704 592 0 1 false
g 752 592 800 592 0
w 752 592 704 592 0
w 640 640 704 640 0
O 640 592 592 592 1
O 640 496 688 496 1
O 640 544 688 544 1
O 640 272 688 272 1
O 976 272 1024 272 1
L 800 352 752 352 0 1 false 5.0 0.0
162 976 352 976 400 1 2.1024259 1.0 0.0 0.0
w 976 400 1024 400 2
162 976 400 976 448 1 2.1024259 1.0 0.0 0.0
w 976 448 1040 448 2
O 976 352 1024 352 1
a 848 304 880 304 0 15.0 -15.0 1000000.0
w 928 304 928 288 0
w 880 304 896 304 0
w 896 304 928 304 0
w 896 304 896 256 2
w 800 288 800 256 0
162 976 448 976 496 1 2.1024259 1.0 0.0 0.0
162 976 496 976 544 1 2.1024259 1.0 0.0 0.0
w 560 320 560 272 2
w 544 320 560 320 0
g 464 240 464 192 0
w 480 336 512 336 0
w 464 304 512 304 0
a 512 320 544 320 0 15.0 -15.0 1000000.0
w 464 240 464 304 0
L 480 336 432 336 0 1 false 5.0 0.0
w 560 384 592 384 2
w 592 384 592 320 1
s 976 496 1024 496 0 1 false
w 1056 496 1024 496 0
g 1056 496 1104 496 0
r 560 320 560 384 0 10000.0
w 800 320 800 352 0
w 800 320 848 320 0
g 800 256 800 208 0
w 800 288 848 288 0
f 928 288 976 288 0 1.5
t 592 320 640 320 0 1 0.5771829504389618 0.6466709213288429 100.0
O 976 496 928 496 1
x 601 50 1007 56 0 24 Compare BPJ and MOSFET Switches
x 606 87 903 93 0 24 Switch on with logical HIGH
