$ 1 5.0E-6 10.20027730826997 50 5.0 50
g 496 528 496 576 0
R 496 176 496 224 0 0 40.0 5.0 0.0 0.0 0.5
w 496 176 736 176 2
w 736 176 736 240 1
r 736 240 736 304 0 100.0
r 736 368 736 448 0 200.0
w 736 448 736 528 1
w 736 528 496 528 0
w 736 336 848 336 2
w 736 304 736 336 0
w 736 368 736 336 0
r 848 336 848 416 0 10000.0
w 848 416 848 448 0
r 1040 368 1040 400 0 10000.0
w 1040 400 1040 448 0
s 928 336 992 336 0 0 false
w 1040 336 992 336 0
w 1040 368 1040 336 0
w 848 336 928 336 0
w 944 448 944 512 0
g 944 512 944 576 0
w 944 448 1040 448 0
w 848 448 944 448 0
