$ 1 5.0E-6 10.20027730826997 50 5.0 50
t 528 368 592 368 0 1 4.989283483357216 4.989532241628545 100.0
t 528 464 592 464 0 1 4.989532241628545 5.0 100.0
w 592 384 592 448 0
R 592 256 592 224 0 0 40.0 5.0 0.0 0.0 0.5
w 592 256 592 288 0
r 592 288 592 320 0 50000.0
w 592 320 592 352 0
L 528 368 480 368 0 1 false 5.0 0.0
L 528 464 480 464 0 1 false 5.0 0.0
w 592 480 592 544 0
g 592 544 592 592 0
w 592 352 656 352 0
M 656 352 736 352 0 2.5
151 832 400 976 400 0 2 0.0
M 976 400 1024 400 0 2.5
L 832 384 800 384 0 1 false 5.0 0.0
L 832 416 800 416 0 1 false 5.0 0.0
x 803 322 1048 328 0 24 Equivalent Component
x 528 174 766 180 0 24 Transistor NAND Gate
x 631 342 705 346 0 16 Not (A * B)
x 432 374 447 380 0 24 A
x 429 477 445 483 0 24 B
