$ 13 5.0E-6 10.20027730826997 50 5.0 50
w 560 416 624 416 2
R 256 288 208 288 0 0 40.0 3.0 0.0 0.0 0.5
x 694 418 734 423 0 20 Vout
x 150 294 188 299 0 20 Vin2
x 600 148 791 154 0 24 Difference Op Am
w 256 288 288 288 1
r 288 288 368 288 0 1000.0
w 368 400 416 400 0
w 368 288 432 288 0
r 432 288 512 288 0 1000.0
w 512 288 560 288 2
w 368 400 368 288 2
w 560 288 560 416 1
a 416 416 560 416 0 15.0 -15.0 1000000.0
g 416 544 416 576 0
w 624 416 672 416 1
x 355 223 498 229 0 24 Without Load
x 954 222 1063 228 0 24 With Load
x 281 263 376 268 0 20 RG/Rin/R1
x 454 259 511 264 0 20 RF/R2
x 480 510 659 516 0 24 Vout = Vin1-Vin2
w 416 432 416 480 0
r 416 480 416 544 0 1000.0
w 416 432 368 432 0
r 368 432 288 432 0 1000.0
x 146 437 184 442 0 20 Vin1
R 288 432 208 432 0 0 40.0 9.0 0.0 0.0 0.5
R 928 464 848 464 0 0 40.0 9.0 0.0 0.0 0.5
x 786 469 824 474 0 20 Vin1
r 1008 464 928 464 0 1000.0
w 1056 464 1008 464 0
r 1056 512 1056 576 0 1000.0
w 1056 464 1056 512 0
x 1094 291 1151 296 0 20 RF/R2
x 921 295 1016 300 0 20 RG/Rin/R1
g 1056 576 1056 608 0
a 1056 448 1200 448 0 15.0 -15.0 1000000.0
w 1200 320 1200 448 1
w 1008 432 1008 320 2
w 1152 320 1200 320 2
r 1072 320 1152 320 0 1000.0
w 1008 320 1072 320 0
w 1008 432 1056 432 0
r 928 320 1008 320 0 1000.0
w 896 320 928 320 1
x 790 326 828 331 0 20 Vin2
R 896 320 848 320 0 0 40.0 3.0 0.0 0.0 0.5
w 1200 448 1264 448 2
w 1264 448 1264 496 0
r 1264 496 1264 576 0 100.0
g 1264 576 1264 608 0
