$ 1 5.0E-6 10.20027730826997 50 5.0 50
155 704 336 784 336 0 5.0
156 704 496 752 496 0 0.0
193 704 208 768 208 0 5.0
M 800 208 880 208 0 2.5
M 800 272 880 272 0 2.5
M 800 336 880 336 0 2.5
M 800 400 880 400 0 2.5
M 800 496 880 496 0 2.5
M 800 560 880 560 0 2.5
L 704 208 640 208 0 1 false 5.0 0.0
L 704 240 640 240 0 1 false 5.0 0.0
L 704 336 640 336 0 1 false 5.0 0.0
L 704 368 640 368 0 1 false 5.0 0.0
L 704 496 640 496 0 1 false 5.0 0.0
L 704 528 640 528 0 0 false 5.0 0.0
L 704 560 640 560 0 1 false 5.0 0.0
