$ 1 5.0E-6 16.13108636308289 57 5.0 50
a 640 368 784 368 0 15.0 -15.0 1000000.0
w 640 288 640 352 0
w 784 368 784 288 0
r 640 288 784 288 0 1000.0
w 640 384 640 432 0
g 640 432 640 464 0
w 640 352 592 352 0
w 592 352 592 320 0
w 592 352 592 384 0
r 592 320 528 320 0 1000.0
r 528 384 592 384 0 1000.0
R 528 320 480 320 0 0 200.0 10.0 0.0 0.0 0.5
R 528 384 480 384 0 0 20.0 3.0 0.0 0.0 0.5
O 1072 384 1136 384 0
w 928 368 880 368 2
g 928 448 928 480 0
w 928 400 928 448 0
r 928 304 1072 304 0 10000.0
w 1072 384 1072 304 0
w 928 304 928 368 0
a 928 384 1072 384 0 15.0 -15.0 1000000.0
r 784 368 880 368 0 10000.0
o 11 64 0 34 20.0 0.00625 0 -1
o 12 64 0 34 10.0 0.0015625 0 -1
o 13 64 0 34 20.0 9.765625E-5 1 -1
