$ 1 5.0E-6 15.472767971186109 55 10.0 50
r 768 624 768 672 0 10.0
g 768 672 768 704 0
R 704 512 656 512 0 0 40.0 2.5 0.0 0.0 0.5
w 768 496 768 448 0
w 768 320 864 320 0
w 768 224 864 224 0
R 768 224 768 176 0 0 40.0 10.0 0.0 0.0 0.5
c 768 224 768 320 0 4.9999999999999996E-5 9.938528863694122
r 864 224 864 320 0 10000.0
w 768 224 720 224 0
w 768 320 720 320 0
s 720 224 720 320 0 1 true
f 704 512 768 512 0 1.5
w 768 528 768 576 1
w 768 576 768 624 2
w 768 320 768 384 1
w 768 384 768 448 2
o 8 128 0 34 10.0 7.8125E-4 0 -1
