$ 1 5.0E-6 10.20027730826997 50 5.0 50
t 480 416 528 416 0 1 -4.99999999 0.0 100.0
t 672 416 624 416 0 1 -4.99999999 0.0 100.0
w 528 400 576 400 0
R 576 336 576 288 0 0 40.0 5.0 0.0 0.0 0.5
w 576 400 624 400 0
w 528 432 576 432 0
w 576 432 624 432 0
g 576 432 576 464 0
L 672 416 736 416 0 0 false 5.0 0.0
L 480 416 416 416 0 0 false 5.0 0.0
w 624 400 624 352 0
M 624 352 688 352 0 2.5
r 576 336 576 368 0 50000.0
w 576 368 576 400 0
153 912 416 1008 416 0 2 5.0
M 1008 416 1072 416 0 2.5
L 912 400 864 400 0 0 false 5.0 0.0
L 912 432 864 432 0 0 false 5.0 0.0
x 450 405 461 409 0 18 A
x 702 404 714 408 0 18 B
x 621 326 710 330 0 18 Not (A + B)
x 493 270 718 276 0 24 Transistor NOR Gate
x 853 329 1098 335 0 24 Equivalent Component
