$ 1 5.0E-6 10.634267539816555 50 5.0 50
a 640 336 768 336 0 15.0 -15.0 1000000.0
w 1024 336 1024 384 0
r 1024 384 1024 464 0 720.0
r 928 464 928 384 0 720.0
w 928 384 928 336 0
w 768 336 928 336 2
w 928 336 1024 336 0
162 928 464 928 528 1 2.1024259 1.0 0.0 0.0
g 928 528 928 576 0
g 1024 528 1024 576 0
162 1024 528 1024 464 1 2.1024259 1.0 0.0 0.0
w 640 352 640 384 0
x 676 184 898 190 0 24 Op Amp Comparator
193 416 320 480 320 0 5.0
L 416 352 384 352 0 1 false 5.0 0.0
L 416 320 384 320 0 1 false 5.0 0.0
w 512 320 640 320 0
w 512 384 640 384 0
L 416 464 384 464 0 1 false 5.0 0.0
L 416 496 384 496 0 1 false 5.0 0.0
193 416 464 480 464 0 0.0
w 512 464 560 464 0
r 560 464 656 464 0 180.0
w 656 464 720 464 0
162 720 464 784 464 1 2.1024259 1.0 0.0 0.0
w 784 464 784 528 0
g 784 528 784 576 0
w 512 528 576 528 0
r 576 528 656 528 0 180.0
w 656 528 720 528 0
162 720 528 784 528 1 2.1024259 1.0 0.0 0.0
x 426 605 600 611 0 24 Leave T set to H
x 427 641 693 647 0 24 Use clock input to toggle
x 578 239 1047 245 0 24 Shows flip-flop with and without comparator
