$ 13 5.0E-6 10.20027730826997 50 5.0 50
w 608 432 672 432 2
R 304 304 256 304 0 0 40.0 3.0 0.0 0.0 0.5
x 742 434 782 439 0 20 Vout
x 198 310 222 315 0 20 V2
x 646 145 945 151 0 24 Difference with Gain Op Am
w 304 304 336 304 1
r 336 304 416 304 0 1000.0
w 416 416 464 416 0
w 416 304 480 304 0
r 480 304 560 304 0 2000.0
w 560 304 608 304 2
w 416 416 416 304 2
w 608 304 608 432 1
a 464 432 608 432 0 15.0 -15.0 1000000.0
g 464 560 464 592 0
w 672 432 720 432 1
x 403 239 546 245 0 24 Without Load
x 1002 238 1111 244 0 24 With Load
x 329 279 354 284 0 20 R1
x 502 275 527 280 0 20 R2
x 528 526 752 532 0 24 Vout = R2/R1(V1-V2)
w 464 448 464 496 0
r 464 496 464 560 0 2000.0
w 464 448 416 448 2
r 416 448 336 448 0 1000.0
x 194 453 218 458 0 20 V1
R 336 448 256 448 0 0 40.0 9.0 0.0 0.0 0.5
R 976 480 896 480 0 0 40.0 9.0 0.0 0.0 0.5
x 834 485 858 490 0 20 V1
r 1056 480 976 480 0 1000.0
w 1104 480 1056 480 0
r 1104 528 1104 592 0 2000.0
w 1104 480 1104 528 0
g 1104 592 1104 624 0
a 1104 464 1248 464 0 15.0 -15.0 1000000.0
w 1248 336 1248 464 1
w 1056 448 1056 336 2
w 1200 336 1248 336 2
r 1120 336 1200 336 0 2000.0
w 1056 336 1120 336 0
w 1056 448 1104 448 0
r 976 336 1056 336 0 1000.0
w 944 336 976 336 1
x 838 342 862 347 0 20 V2
R 944 336 896 336 0 0 40.0 3.0 0.0 0.0 0.5
w 1248 464 1312 464 2
w 1312 464 1312 512 0
r 1312 512 1312 592 0 1000.0
g 1312 592 1312 624 0
x 338 420 363 425 0 20 R1
x 413 533 438 538 0 20 R2
x 615 219 929 225 0 24 make sure V1's R1&R2 equal
x 616 257 919 263 0 24 V2's corresponding resistors
