$ 1 5.0E-6 10.20027730826997 50 5.0 50
I 793 178 889 178 0 0.5
M 889 178 921 178 0 2.5
L 793 178 681 178 0 0 false 5.0 0.0
x 673 132 975 138 0 24 Equivalent NOT Component
x 526 43 773 49 0 24 NAND Gate Derivatives
151 313 178 441 178 0 2 0.0
M 441 178 521 178 0 2.5
L 313 162 233 162 0 1 false 5.0 0.0
x 224 120 520 126 0 24 NOT Gate from NAND Gate
w 313 162 313 194 0
x 677 260 978 266 0 24 Equivalent AND Component
151 400 304 496 304 0 2 0.0
w 400 288 400 304 0
w 400 320 400 304 0
151 272 304 368 304 0 2 5.0
M 496 304 528 304 0 2.5
w 368 304 400 304 0
L 272 288 224 288 0 0 false 5.0 0.0
L 272 320 224 320 0 0 false 5.0 0.0
x 218 259 525 265 0 24 AND Gate from NAND Gates
150 752 304 848 304 0 2 5.0
M 848 304 912 304 0 2.5
L 752 288 688 288 0 1 false 5.0 0.0
L 752 320 688 320 0 1 false 5.0 0.0
151 256 432 368 432 0 2 5.0
151 256 496 368 496 0 2 5.0
w 368 432 368 448 0
w 368 480 368 496 0
M 464 464 512 464 0 2.5
L 256 416 224 416 0 0 false 5.0 0.0
L 256 480 224 480 0 0 false 5.0 0.0
w 256 416 256 448 0
w 256 512 256 480 0
151 368 464 464 464 0 2 0.0
x 219 390 513 396 0 24 OR Gate from NAND Gates
152 752 464 848 464 0 2 0.0
M 848 464 912 464 0 2.5
L 752 448 688 448 0 0 false 5.0 0.0
L 752 480 688 480 0 0 false 5.0 0.0
x 665 398 953 404 0 24 Equivalent OR Component
151 272 656 368 656 0 2 5.0
151 368 624 464 624 0 2 0.0
151 368 688 464 688 0 2 5.0
w 272 640 272 608 0
w 368 656 368 640 0
w 368 656 368 672 0
w 272 608 368 608 0
w 272 672 272 704 0
w 272 704 368 704 0
151 464 656 560 656 0 2 5.0
w 464 624 464 640 0
w 464 688 464 672 0
M 560 656 592 656 0 2.5
L 272 640 240 640 0 1 false 5.0 0.0
L 272 704 240 704 0 0 false 5.0 0.0
154 768 656 864 656 0 2 5.0
L 768 640 704 640 0 0 false 5.0 0.0
L 768 672 704 672 0 1 false 5.0 0.0
M 864 656 912 656 0 2.5
x 232 578 541 584 0 24 XOR Gate from NAND Gates
x 675 579 978 585 0 24 Equivalent XOR Component
