$ 1 5.0E-6 10.20027730826997 50 5.0 50
w 432 336 432 416 0
S 464 432 432 432 0 1 false 0
w 512 432 464 432 0
r 512 432 592 432 0 1000.0
w 592 432 640 432 1
t 640 432 688 432 0 1 0.5606578281769736 0.6530870813697274 100.0
w 432 576 432 448 0
g 432 576 432 640 0
w 688 448 688 512 1
162 688 512 688 576 1 2.1024259 1.0 0.0 0.0
w 688 576 688 608 0
g 688 608 688 640 0
w 688 384 688 416 0
r 688 384 688 320 0 330.0
w 688 320 688 272 0
R 688 272 688 224 0 0 40.0 9.0 0.0 0.0 0.5
R 432 336 432 240 0 0 40.0 3.0 0.0 0.0 0.5
R 784 336 784 240 0 0 40.0 3.0 0.0 0.0 0.5
R 1040 272 1040 224 0 0 40.0 9.0 0.0 0.0 0.5
w 1040 320 1040 272 0
r 1040 384 1040 320 0 330.0
w 1040 384 1040 416 0
g 1104 608 1104 640 0
w 1104 576 1104 608 0
162 1104 512 1104 576 1 2.1024259 1.0 0.0 0.0
w 1104 448 1104 512 1
g 784 576 784 640 0
w 784 576 784 448 0
t 992 432 1040 432 0 1 -1.852483684562538 4.9999999998019815E-11 100.0
w 944 432 992 432 1
r 864 432 944 432 0 1000.0
w 864 432 816 432 0
S 816 432 784 432 0 0 false 0
w 784 336 784 416 0
w 1040 384 1104 384 0
w 1104 384 1104 448 0
w 1040 448 1040 608 0
g 1040 608 1040 640 0
x 660 137 864 143 0 24 BPJ NPN Switches
o 8 64 0 35 2.5 0.025 0 -1
o 2 64 0 35 10.0 7.8125E-4 1 -1
o 4 64 0 33 2.5 7.8125E-4 2 -1
o 8 64 0 33 1.25 0.025 3 -1
