$ 1 5.0E-6 10.20027730826997 50 5.0 50
t 656 288 704 288 0 1 -0.8075920474152873 0.6481543254743265 100.0
R 704 144 704 96 0 0 40.0 9.0 0.0 0.0 0.5
w 704 144 704 176 0
r 704 176 704 208 0 10.0
w 704 240 704 272 0
w 704 304 704 352 1
w 608 288 656 288 2
w 944 288 992 288 2
g 1040 352 1040 416 0
w 1040 304 1040 352 1
w 1040 240 1040 272 0
r 1040 208 1040 240 0 100.0
w 1040 176 1040 208 1
R 1040 176 1040 128 0 0 40.0 9.0 0.0 0.0 0.5
f 992 288 1040 288 0 1.5
162 704 416 704 464 1 2.1024259 1.0 0.0 0.0
162 704 464 704 512 1 2.1024259 1.0 0.0 0.0
162 704 512 704 560 1 2.1024259 1.0 0.0 0.0
162 704 560 704 608 1 2.1024259 1.0 0.0 0.0
w 704 352 704 416 2
w 704 208 704 240 0
i 544 288 608 288 0 1.7999999999999998E-4
g 544 288 544 352 0
g 992 608 1056 608 0
w 928 608 992 608 0
w 848 608 928 608 0
w 768 608 848 608 0
s 704 560 768 560 0 1 false
g 816 560 864 560 0
w 816 560 768 560 0
w 704 608 768 608 0
O 704 560 656 560 1
O 704 464 752 464 1
O 704 512 752 512 1
O 704 240 752 240 1
O 1040 272 1088 272 1
L 944 288 896 288 0 0 false 5.0 0.0
