$ 1 5.0E-6 10.20027730826997 50 5.0 50
w 624 416 624 352 0
w 624 416 624 512 0
w 912 416 912 352 0
w 912 416 912 512 0
R 768 288 768 224 0 0 40.0 5.0 0.0 0.0 0.5
g 768 576 768 624 0
w 768 576 624 576 0
w 768 576 912 576 0
162 800 384 736 384 1 2.1024259 1.0 0.0 0.0
162 736 464 800 464 1 2.1024259 1.0 0.0 0.0
w 672 384 672 416 0
w 672 464 672 416 0
w 864 464 864 416 0
w 864 384 864 416 0
w 672 416 624 416 0
r 816 288 880 288 0 100.0
w 880 288 912 288 0
w 816 288 768 288 0
r 672 288 736 288 0 100.0
w 736 288 768 288 0
w 672 288 624 288 0
w 912 320 912 288 0
w 912 576 912 544 0
w 960 336 960 416 0
w 960 528 960 416 0
f 960 336 912 336 1 1.5
f 560 336 624 336 1 1.5
f 560 528 624 528 0 1.5
w 624 576 624 544 0
w 624 288 624 320 0
w 560 336 560 416 0
w 560 528 560 416 0
L 768 176 768 128 0 1 false 5.0 0.0
w 816 176 768 176 0
I 816 176 928 176 0 0.5
w 960 416 1008 416 0
w 1008 416 1008 176 0
w 1008 176 928 176 0
w 560 416 512 416 0
w 512 416 512 176 0
w 768 176 512 176 0
x 744 54 839 60 0 24 H-Bridge
x 738 430 798 436 0 24 Motor
x 748 356 794 362 0 24 Fwd
x 747 506 788 512 0 24 Rev
x 791 137 865 143 0 24 Toggle
f 960 528 912 528 0 1.5
r 912 416 864 416 0 100.0
w 864 384 800 384 0
w 672 384 736 384 0
w 672 464 736 464 0
w 864 464 800 464 0
