$ 1 5.0E-6 16.13108636308289 60 15.0 53
w 352 240 448 240 1
r 352 240 352 400 0 82000.0
r 352 400 352 544 0 10000.0
t 352 400 448 400 0 1 -5.986340934378137 0.6041537433419413 100.0
g 352 544 352 576 0
R 352 240 256 240 0 0 40.0 10.0 0.0 0.0 0.5
r 448 240 448 336 0 1000.0
c 352 400 272 400 0 1.0E-6 1.2698098745322883
R 272 400 224 400 0 1 20.0 0.5 0.0 0.0 0.5
O 448 336 528 336 1
g 448 496 448 576 0
w 448 416 448 448 1
w 448 336 448 384 0
r 448 448 448 496 0 100.0
x 567 344 591 350 0 24 v2
x 259 365 283 371 0 24 v1
x 507 450 525 456 0 24 i3
x 392 205 410 211 0 24 i1
x 372 380 390 386 0 24 i2
x 663 292 884 298 0 24 v1 -- voltage graph 1
x 665 330 886 336 0 24 v2 -- voltage graph 2
x 664 365 878 371 0 24 i1 -- current graph 3
x 666 402 880 408 0 24 i2 -- current graph 4
x 667 439 881 445 0 24 i3 -- current graph 5
o 8 64 0 42 0.625 9.765625E-5 0 -1
o 9 64 0 34 18.707220957835556 9.765625E-55 1 -1
o 0 64 0 33 5.0 0.05 2 -1
o 3 64 1 35 1.52587890625E-4 9.765625E-5 3 -1
o 11 64 0 35 5.0 0.05 4 -1
