$ 1 5.0E-6 3.9121283998153213 53 5.0 50
165 608 304 704 304 2 5.0
w 672 272 672 224 0
w 672 224 784 224 0
w 784 224 784 336 0
w 784 336 736 336 0
w 672 224 672 176 0
R 672 176 672 112 0 0 40.0 5.0 0.0 0.0 0.5
w 608 400 576 400 0
w 608 432 576 432 0
w 576 432 576 400 0
w 784 224 880 224 0
c 880 224 880 288 0 1.0E-8 5.0
w 880 288 880 336 0
g 880 336 880 384 0
w 672 464 672 512 0
c 672 512 672 560 0 1.0E-8 3.3333333333333366
w 672 560 672 608 0
g 672 608 672 640 0
w 576 400 544 400 0
w 544 336 608 336 0
w 544 336 544 288 0
w 544 224 672 224 0
w 544 400 544 448 0
c 544 448 544 496 0 1.0E-6 1.6920348906535638
w 544 496 544 544 0
g 544 544 544 576 0
r 544 400 544 336 0 10000.0
r 544 288 544 224 0 10000.0
w 736 368 784 368 0
w 784 368 784 480 0
155 832 448 880 448 0 5.0
w 784 480 832 480 0
L 832 448 800 448 0 1 false 5.0 0.0
M 928 448 976 448 0 2.5
M 928 512 976 512 0 2.5
x 952 322 1288 328 0 24 Toggle the D input on Flip Flop
x 959 352 1322 358 0 24 It will take effect on next ON cycle
x 617 48 808 54 0 24 555 with Flip Flop
o 29 64 0 43 5.0 9.765625E-5 0 -1
