$ 1 5.0E-6 10.20027730826997 50 5.0 50
i 480 352 560 352 0 0.02
r 592 352 672 352 0 100.0
g 1024 400 1024 432 0
g 480 352 480 384 0
w 560 352 592 352 2
w 1024 400 1024 352 0
S 672 352 704 352 0 0 false 0
w 704 432 736 432 0
w 736 432 736 352 0
w 704 336 736 336 0
w 736 336 736 352 0
S 736 352 768 352 0 1 false 0
S 800 352 832 352 0 1 false 0
w 768 432 800 432 0
w 800 432 800 352 0
w 832 432 864 432 0
w 768 336 800 336 0
w 800 336 800 352 0
S 864 352 896 352 0 1 false 0
w 832 336 864 336 0
w 960 432 992 432 0
w 864 432 864 368 0
w 864 336 864 352 0
w 864 368 864 352 0
w 896 432 928 432 0
w 928 432 928 352 0
S 928 352 960 352 0 1 false 0
w 992 432 992 352 0
w 896 336 928 336 0
w 928 336 928 352 0
w 992 352 1024 352 0
w 960 336 992 336 0
w 992 336 992 352 0
162 704 368 704 432 1 2.1024259 1.0 0.0 0.0
162 768 368 768 432 1 2.1024259 1.0 0.0 0.0
162 832 368 832 432 1 2.1024259 1.0 0.0 0.0
162 896 368 896 432 1 2.1024259 1.0 0.0 0.0
162 960 368 960 432 1 2.1024259 1.0 0.0 0.0
