$ 1 5.0E-6 10.634267539816555 50 5.0 50
172 368 400 320 400 0 6 3.0 5.0 0.0 0.0 0.5 - Voltage
w 496 416 496 480 0
w 368 480 368 432 0
x 562 134 850 140 0 24 Follower with Gain OpAmp
x 371 358 507 364 0 24 Without load
x 763 355 865 361 0 24 With load
a 368 416 496 416 1 15.0 -15.0 1000000.0
r 400 480 464 480 0 30000.0
w 464 480 496 480 0
w 368 512 368 480 0
w 368 480 400 480 0
r 368 512 368 576 0 10000.0
g 368 576 368 624 0
O 496 416 544 416 1
x 300 539 330 545 0 24 R2
x 398 249 602 255 0 24 Vout = (R1+R2)/R2
g 640 576 640 624 0
r 640 512 640 576 0 10000.0
w 640 480 672 480 0
w 640 512 640 480 0
w 736 480 768 480 0
r 672 480 736 480 0 30000.0
a 640 416 768 416 1 15.0 -15.0 1000000.0
w 640 480 640 432 0
w 768 416 768 480 0
172 640 400 592 400 0 6 3.0 5.0 0.0 0.0 0.5 - Voltage
w 768 416 832 416 2
r 832 416 896 416 0 47.0
162 896 416 976 416 1 2.1024259 1.0 0.0 0.0
162 976 416 1072 416 1 2.1024259 1.0 0.0 0.0
162 1072 416 1168 416 1 2.1024259 1.0 0.0 0.0
162 1168 416 1232 416 1 2.1024259 1.0 0.0 0.0
w 1232 416 1232 496 1
162 1232 496 1168 496 1 2.1024259 1.0 0.0 0.0
162 1168 496 1072 496 1 2.1024259 1.0 0.0 0.0
w 1072 496 1072 544 0
g 1072 544 1072 624 0
x 434 522 464 528 0 24 R1
x 794 183 824 189 0 24 R1
x 852 183 882 189 0 24 R2
x 909 184 958 190 0 24 Vout
x 734 182 768 188 0 24 Vin
x 739 216 752 222 0 24 3
x 738 251 751 257 0 24 3
x 737 291 750 297 0 24 3
x 793 221 831 227 0 24 10k
x 795 253 833 259 0 24 20k
x 796 292 834 298 0 24 30k
x 915 220 928 226 0 24 6
x 917 260 930 266 0 24 9
x 915 294 941 300 0 24 12
x 851 222 889 228 0 24 10k
x 854 259 892 265 0 24 10k
x 854 294 892 300 0 24 10k
