$ 1 5.0E-6 10.634267539816555 50 5.0 50
a 848 288 976 288 0 15.0 -15.0 1000000.0
172 640 256 592 256 0 6 2.0 2.0 2.0 0.0 0.5 - Voltage
172 640 288 592 288 0 6 3.0 3.0 3.0 0.0 0.5 + Voltage
w 1232 288 1232 336 0
r 1232 336 1232 416 0 720.0
r 1136 416 1136 336 0 720.0
w 1136 336 1136 288 0
w 976 288 1136 288 2
w 1136 288 1232 288 0
162 1136 416 1136 480 1 2.1024259 1.0 0.0 0.0
g 1136 480 1136 528 0
g 1232 480 1232 528 0
162 1232 480 1232 416 1 2.1024259 1.0 0.0 0.0
S 784 272 640 272 0 1 false 0
172 640 352 592 352 0 6 3.0 3.0 3.0 0.0 0.5 + Voltage
172 640 320 592 320 0 6 2.0 2.0 2.0 0.0 0.5 - Voltage
S 752 336 640 336 0 0 false 0
w 848 304 848 336 0
w 848 336 752 336 2
w 848 272 784 272 2
x 884 136 1106 142 0 24 Op Amp Comparator
x 675 418 1020 424 0 24 Inverted larger: Negative current
x 674 461 1060 467 0 24 Non-Inverted larger: Positive current
