$ 1 5.0E-6 10.20027730826997 57 5.0 50
g 576 416 576 464 0
r 480 336 576 336 0 10000.0
r 576 304 720 304 0 40000.0
w 720 304 720 352 0
w 576 304 576 336 0
w 576 368 576 416 0
a 576 352 720 352 0 15.0 -15.0 1000000.0
R 480 336 432 336 0 0 40.0 1.0 0.0 0.0 0.5
O 1168 368 1232 368 1
a 944 368 1088 368 0 15.0 -15.0 1000000.0
w 944 384 944 432 0
w 944 320 944 352 0
w 1088 320 1088 368 0
r 944 320 1088 320 0 10000.0
r 848 352 944 352 0 10000.0
g 944 432 944 480 0
w 720 352 784 352 1
w 1088 368 1168 368 1
w 784 352 848 352 2
o 8 64 0 34 20.0 9.765625E-5 0 -1
o 16 64 0 35 20.0 0.0015625 0 -1
