$ 1 5.0E-6 10.20027730826997 50 5.0 50
a 336 304 480 304 1 15.0 -15.0 1000000.0
w 480 304 544 304 2
w 544 304 624 304 0
w 544 304 544 336 1
r 544 336 544 400 0 1000.0
w 544 400 544 432 1
w 544 432 544 464 2
r 544 464 544 544 0 1000.0
w 544 544 544 592 1
g 544 592 544 624 0
w 336 320 336 432 2
w 336 432 544 432 0
w 240 288 336 288 1
R 240 288 192 288 0 0 40.0 5.0 0.0 0.0 0.5
x 653 310 693 315 0 20 Vout
x 134 294 161 299 0 20 Vin
x 326 250 450 256 0 24 -15V to 15V
x 588 372 645 377 0 20 RF/R1
x 596 508 657 513 0 20 RG/R2
x 656 123 873 129 0 24 Noninverting Op Am
x 1214 525 1275 530 0 20 RG/R2
x 1211 390 1268 395 0 20 RF/R1
x 966 266 1090 272 0 24 -15V to 15V
x 774 310 801 315 0 20 Vin
x 1280 296 1320 301 0 20 Vout
R 880 304 832 304 0 0 40.0 5.0 0.0 0.0 0.5
w 880 304 976 304 1
w 976 448 1184 448 0
w 976 336 976 448 2
g 1184 608 1184 640 0
w 1184 560 1184 608 1
r 1184 480 1184 560 0 1000.0
w 1184 448 1184 480 2
w 1184 416 1184 448 1
r 1184 352 1184 416 0 1000.0
w 1184 320 1184 352 1
w 1120 320 1184 320 2
a 976 320 1120 320 1 15.0 -15.0 1000000.0
w 1328 320 1328 368 1
r 1328 368 1328 416 0 100.0
w 1328 416 1328 464 0
g 1328 464 1328 512 0
w 1184 320 1328 320 2
x 335 204 478 210 0 24 Without Load
x 975 215 1084 221 0 24 With Load
x 1370 397 1414 402 0 20 Load
