$ 1 5.0E-6 7.619785657297057 49 5.0 50
165 816 288 912 288 2 0.0
w 880 256 880 208 0
w 880 208 992 208 0
w 992 208 992 320 0
w 992 320 944 320 0
w 880 208 880 160 0
R 880 160 880 96 0 0 40.0 5.0 0.0 0.0 0.5
w 816 384 784 384 0
w 816 416 784 416 0
w 784 416 784 384 0
w 992 208 1088 208 0
c 1088 208 1088 272 0 1.0E-8 5.0
w 1088 272 1088 320 0
g 1088 320 1088 368 0
w 880 448 880 496 0
c 880 496 880 544 0 1.0E-8 3.333333333333336
w 880 544 880 592 0
g 880 592 880 624 0
w 784 384 752 384 0
w 752 320 816 320 0
w 752 320 752 272 0
w 752 208 880 208 0
w 752 384 752 432 0
c 752 432 752 480 0 1.0E-6 2.527066875951394
w 752 480 752 528 0
g 752 528 752 560 0
174 752 384 688 352 0 6000.0 0.5 Resistance
w 720 352 720 320 0
w 720 320 752 320 0
174 752 272 688 256 0 4000.0 0.5 Resistance
w 720 256 720 208 0
w 720 208 752 208 0
w 944 352 992 352 0
w 992 352 992 416 2
162 992 496 992 560 1 2.1024259 1.0 0.0 0.0
w 992 560 992 624 1
r 992 416 992 464 0 200.0
w 992 464 992 496 2
g 992 624 992 672 0
x 456 332 652 336 0 18 These two resistors/pots
x 459 363 649 367 0 18 and the capacitor below
x 460 396 652 400 0 18 control the freq & period
x 459 425 595 429 0 18 of the output port
o 33 64 0 35 5.0 0.2 0 -1
