$ 1 5.0E-6 7.308818067910767 49 5.0 50
165 688 304 784 304 2 5.0
w 752 272 752 224 0
w 752 224 864 224 0
w 864 224 864 336 0
w 864 336 816 336 0
w 752 224 752 176 0
R 752 176 752 112 0 0 40.0 5.0 0.0 0.0 0.5
w 688 400 656 400 0
w 688 432 656 432 0
w 656 432 656 400 0
w 864 224 960 224 0
c 960 224 960 288 0 1.0E-8 5.0
w 960 288 960 336 0
g 960 336 960 384 0
w 752 464 752 512 0
c 752 512 752 560 0 1.0E-8 3.333333333333336
w 752 560 752 608 0
g 752 608 752 640 0
w 656 400 624 400 0
w 624 336 688 336 0
w 624 336 624 288 0
w 624 224 752 224 0
w 624 400 624 448 0
c 624 448 624 496 0 9.999999999999999E-6 3.1690600389157053
w 624 496 624 544 0
g 624 544 624 576 0
O 816 368 864 368 1
174 624 400 560 368 0 6000.0 0.5 Resistance
w 592 368 592 336 0
w 592 336 624 336 0
174 624 288 560 272 0 1050.0 0.5 Resistance
w 592 272 592 224 0
w 592 224 624 224 0
o 26 64 0 34 5.0 9.765625E-5 0 -1
