$ 13 5.0E-6 10.20027730826997 50 5.0 50
w 560 416 624 416 2
w 416 432 416 544 2
R 256 288 208 288 0 0 40.0 -5.0 0.0 0.0 0.5
x 694 418 734 423 0 20 Vout
x 150 294 177 299 0 20 Vin
x 409 368 533 374 0 24 -15V to 15V
x 600 148 774 154 0 24 Inverting Op Am
w 256 288 288 288 1
r 288 288 368 288 0 1000.0
w 368 400 416 400 0
w 368 288 432 288 0
r 432 288 512 288 0 1000.0
w 512 288 560 288 2
w 368 400 368 288 2
w 560 288 560 416 1
a 416 416 560 416 0 15.0 -15.0 1000000.0
g 416 544 416 576 0
w 624 416 672 416 1
g 1264 560 1264 608 0
r 1264 480 1264 560 0 100.0
w 1264 416 1264 480 0
w 1216 416 1264 416 1
g 1008 544 1008 576 0
a 1008 416 1152 416 0 15.0 -15.0 1000000.0
w 1152 288 1152 416 1
w 960 400 960 288 2
w 1104 288 1152 288 2
r 1024 288 1104 288 0 1000.0
w 960 288 1024 288 0
w 960 400 1008 400 0
r 880 288 960 288 0 1000.0
w 848 288 880 288 1
x 1001 368 1125 374 0 24 -15V to 15V
x 742 294 769 299 0 20 Vin
x 1286 418 1326 423 0 20 Vout
R 848 288 800 288 0 0 40.0 -5.0 0.0 0.0 0.5
w 1008 432 1008 544 2
w 1152 416 1216 416 2
x 355 223 498 229 0 24 Without Load
x 954 222 1063 228 0 24 With Load
x 281 263 376 268 0 20 RG/Rin/R1
x 454 259 511 264 0 20 RF/R2
x 1048 260 1105 265 0 20 RF/R2
x 875 264 970 269 0 20 RG/Rin/R1
x 1312 525 1356 530 0 20 Load
