$ 1 5.0E-6 10.634267539816555 50 5.0 50
a 368 448 496 448 0 15.0 -15.0 1000000.0
172 368 432 320 432 0 6 3.0 5.0 0.0 0.0 0.5 - Voltage
w 496 448 496 512 0
w 496 512 368 512 0
w 368 512 368 464 0
g 1056 560 1056 592 0
r 1056 496 1056 560 0 100.0
w 1056 448 1056 496 0
w 880 448 1056 448 0
w 752 512 752 464 0
w 880 512 752 512 0
w 880 448 880 512 0
172 752 432 704 432 0 6 3.0 5.0 0.0 0.0 0.5 - Voltage
a 752 448 880 448 0 15.0 -15.0 1000000.0
x 572 189 774 195 0 24 Unity Gain OpAmp
x 436 240 807 246 0 24 Both inputs have the same voltage
x 436 275 822 281 0 24 Output equals input, its not inverted
x 437 315 819 321 0 24 Current amp.  Voltage not amplified
x 371 390 507 396 0 24 Without load
x 763 387 865 393 0 24 With load
O 496 448 544 448 0
