$ 1 5.0E-6 16.13108636308289 50 5.0 50
v 608 528 608 256 0 0 40.0 10.0 0.0 0.0 0.5
S 768 336 768 256 0 1 false 0
w 688 256 752 256 1
w 784 256 912 256 1
w 912 416 912 464 0
c 768 336 768 448 0 7.999999999999999E-4 0.056235357046410556
r 768 448 768 528 0 100.0
w 608 528 768 528 1
w 768 528 912 528 0
O 768 448 832 448 1
O 768 336 816 336 1
r 912 416 912 352 0 1000.0
w 912 256 912 352 2
w 688 256 608 256 2
w 912 464 912 528 2
x 174 77 1200 83 0 24 By varying the resistor values you influence both the charge time (in the case of the 1st resistor)
x 176 112 700 118 0 24 and discharge time (in the case of both resistors)
o 5 128 0 291 2.5 0.0015625 0 -1
h 2 6 5
