$ 1 5.0E-6 10.20027730826997 57 5.0 50
g 544 416 544 464 0
r 448 336 544 336 0 10000.0
r 544 304 688 304 0 30000.0
w 688 304 688 352 0
w 544 304 544 336 0
w 544 368 544 416 0
a 544 352 688 352 0 15.0 -15.0 1000000.0
R 448 336 400 336 0 0 40.0 1.0 0.0 0.0 0.5
a 912 368 1056 368 0 15.0 -15.0 1000000.0
w 912 384 912 432 0
w 912 320 912 352 0
w 1056 320 1056 368 0
r 912 320 1056 320 0 10000.0
r 816 352 912 352 0 10000.0
g 912 432 912 480 0
w 688 352 752 352 1
w 1056 368 1136 368 1
w 752 352 816 352 2
w 1136 368 1136 400 2
g 1136 448 1136 480 0
r 1136 400 1136 448 0 1000.0
o 16 64 0 35 10.0 0.025 0 -1
o 15 64 0 291 10.0 0.003125 0 -1
