$ 1 5.0E-6 10.20027730826997 50 5.0 50
v 640 544 640 224 0 0 40.0 5.0 0.0 0.0 0.5
w 640 224 736 224 1
w 736 224 832 224 0
w 832 224 928 224 0
s 736 224 736 304 0 0 false
s 832 224 832 304 0 1 false
s 928 224 928 304 0 1 false
r 736 304 736 368 0 100.0
r 832 304 832 368 0 400.0
r 928 304 928 368 0 800.0
w 736 368 832 368 0
w 832 368 928 368 0
w 832 400 832 368 0
w 832 400 928 400 0
w 832 400 736 400 0
s 832 400 832 480 0 1 false
s 736 400 736 480 0 1 false
r 736 480 736 544 0 600.0
r 832 480 832 544 0 200.0
s 1008 400 1008 544 0 0 false
w 640 544 736 544 0
w 736 544 832 544 0
w 832 544 928 544 0
b 578 384 608 384 0
w 1008 224 928 224 0
s 1008 256 1008 288 0 1 false
w 1008 256 1008 224 0
w 1008 400 928 400 0
w 1008 400 1008 288 0
r 928 544 928 480 0 100.0
w 928 400 928 416 0
w 928 416 928 432 0
w 928 464 928 480 0
s 928 432 928 464 0 0 false
w 928 544 1008 544 0
